[1.78291897e-01 4.93266818e-01 4.64791823e-01 2.86636716e-01
 4.87839077e-01 9.67749067e-01 2.49958807e-01 4.94860622e-01
 2.92130628e-01 7.62343111e-02 4.32658940e-01 5.03792724e-01
 7.36507043e-01 4.80372094e-01 4.99708560e-01 2.48023301e-01
 2.29617530e-01 7.08842351e-01 9.09042895e-01 9.85962712e-01
 2.80680534e-01 4.53603252e-01 1.43491877e-01 5.91931904e-01
 6.69014100e-01 5.45828290e-01 5.41324672e-01 9.19989846e-02
 4.38507178e-01 1.78194993e-01 9.58091341e-01 8.97363042e-01
 3.14856708e-01 1.19111067e-01 3.79142288e-01 5.61699476e-02
 1.39410396e-01 5.18376841e-01 3.24841226e-01 6.31960883e-01
 8.24126381e-01 5.55926136e-01 7.50960372e-01 5.91799436e-01
 3.79885529e-01 5.61973289e-01 2.59945946e-02 3.76166993e-01
 8.69176954e-01 7.73275380e-01 3.28158841e-01 4.25920808e-02
 5.89468429e-01 6.86233275e-02 2.85002149e-01 7.30948430e-01
 8.73825676e-01 9.96356550e-01 2.19202292e-01 7.21218963e-01
 2.91018156e-01 9.76253169e-01 1.46794634e-01 9.19269834e-01
 2.42887043e-01 8.40539274e-01 3.30757163e-01 7.25501896e-02
 2.56167475e-01 2.82184575e-02 1.58848231e-01 7.89860592e-01
 2.69918349e-01 1.68097638e-01 2.02415608e-01 2.49372237e-01
 4.69403964e-01 7.21706373e-01 4.73414991e-01 7.15565849e-01
 4.55909918e-01 4.08612226e-01 5.39316913e-01 6.81454997e-01
 1.32457456e-01 3.06697539e-02 8.67908958e-01 4.37706511e-01
 2.08676674e-01 3.00030079e-01 6.41050164e-01 6.02407732e-01
 7.61855538e-01 1.64374769e-01 2.02124154e-02 3.55778624e-01
 7.31302748e-03 4.92623886e-02 1.21048826e-01 6.54377922e-01
 1.82631959e-01 8.60020531e-02 1.57107435e-01 6.93119375e-01
 9.13146267e-01 2.30047354e-01 1.35027164e-01 3.90732036e-01
 3.56935426e-01 5.57335963e-01 5.54694809e-01 8.60367697e-01
 5.56121472e-01 1.28888229e-01 6.69234222e-01 2.77453167e-01
 6.92635042e-01 5.98467345e-01 5.59027094e-01 2.14956243e-01
 1.21310055e-01 6.05748815e-01 5.17984712e-01 1.00869583e-01
 8.41455603e-01 1.72332902e-01 3.02025489e-02 9.70478338e-01
 6.69346148e-01 5.75155820e-01 5.80589224e-01 5.02762002e-01
 2.23444572e-01 1.30749446e-01 7.30575942e-01 3.04400540e-02
 2.40077003e-01 9.81248989e-01 2.49920293e-02 7.59720675e-01
 9.97413707e-02 4.91463805e-01 8.55841922e-01 5.03804668e-01
 3.91761154e-01 3.79759048e-01 3.54086080e-01 3.52919175e-01
 4.70932643e-01 6.28410777e-01 2.71165958e-01 8.59267114e-01
 9.07718700e-02 1.62002403e-01 8.57332717e-01 3.41403608e-01
 6.16897694e-01 3.41339043e-01 2.10143983e-01 5.58244252e-01
 8.21360777e-01 3.56066939e-01 5.67960908e-01 3.33079667e-02
 5.79621389e-02 5.12719579e-01 9.75122561e-01 1.27474145e-01
 4.05080058e-01 7.19749860e-01 3.11388218e-01 9.46185039e-01
 4.76093158e-01 1.54677192e-01 3.19288733e-01 6.01527475e-01
 2.77978316e-01 4.75826675e-01 9.03130822e-02 6.76025162e-01
 5.71807800e-01 8.65359918e-01 6.21007237e-01 4.84775983e-01
 7.02075452e-01 1.90655091e-01 9.83870979e-01 2.84985645e-01
 8.82774258e-01 7.61156087e-01 4.54129227e-01 4.12999492e-01
 7.36074162e-01 1.73178904e-01 7.68842472e-01 3.22946258e-01
 3.80883421e-01 7.38470968e-01 3.77451813e-01 2.32677090e-02
 1.54219559e-03 4.62999498e-01 9.03056246e-01 3.47025707e-01
 5.78095133e-01 9.68374383e-01 4.46398477e-01 9.74358722e-01
 3.20017043e-01 1.94363682e-01 8.81660332e-01 3.73012212e-01
 1.15173631e-01 6.96670399e-01 2.76923440e-01 1.84442663e-01
 4.68567210e-01 4.87066236e-01 5.74943501e-01 3.16757268e-01
 4.61588076e-02 8.31066075e-02 3.05077357e-02 1.43636696e-01
 4.85051917e-01 7.63658177e-01 6.13741457e-01 2.80348209e-01
 2.76231748e-01 1.44896920e-02 4.25183697e-01 5.54692651e-01
 9.17742843e-01 9.93397342e-01 9.40507478e-01 2.86733612e-01
 9.80248068e-01 8.06074571e-01 2.62149791e-01 1.73720529e-01
 7.11507744e-01 5.63628872e-01 6.01067221e-01 8.17971181e-01
 2.48417938e-02 5.05915761e-01 1.66335030e-01 7.56487054e-01
 5.22998376e-01 8.57031401e-01 2.43555978e-01 3.90706502e-01
 6.68449764e-01 2.50747481e-03 1.73593018e-01 3.92334383e-01
 1.12927156e-01 4.64460777e-01 2.66173899e-01 3.36630598e-01
 4.99913133e-01 7.86000844e-01 6.76521701e-01 1.62895642e-01
 2.17199240e-01 6.36610114e-02 6.46945389e-02 9.61587482e-01
 8.61354147e-01 3.10545701e-01 5.66040112e-01 5.23925468e-01
 3.36356799e-01 4.11764245e-01 2.87404466e-01 6.19876860e-01
 3.79566780e-01 4.71632617e-01 5.66540873e-01 9.11568965e-01
 5.77313113e-01 4.96418261e-02 1.20734855e-02 9.23436577e-01
 8.37917468e-01 7.09415415e-01 8.37651317e-01 2.24109186e-01
 6.58801697e-01 3.72349151e-01 8.70030348e-01 9.03585564e-01
 3.11921570e-03 8.40464782e-01 6.76242702e-02 4.05446164e-01
 1.44670613e-01 3.66815588e-01 4.15902264e-01 8.32668511e-01
 2.66952705e-01 5.77869848e-01 7.47051919e-01 2.79212602e-02
 8.32736351e-01 3.05155961e-01 8.72463445e-01 6.05088689e-01
 8.95666250e-01 9.86724640e-01 4.93520655e-01 6.49616893e-01
 9.81151958e-02 6.29717847e-01 8.15170411e-01 1.67993740e-01
 2.73936925e-01 6.60716835e-01 4.10368489e-01 6.22947253e-01
 4.42331779e-01 4.67925571e-01 9.38885492e-02 6.99628036e-01
 9.50851145e-01 1.65287389e-01 2.85923182e-01 7.68589685e-01
 1.17993992e-01 6.79468088e-01 6.81551555e-01 5.67120415e-01
 2.19105278e-01 4.16180209e-01 3.48316088e-01 4.01844329e-01
 6.19114269e-01 6.99092645e-01 5.29080563e-02 3.62453634e-01
 7.31086653e-01 9.66422166e-02 8.69675595e-01 7.79072872e-01
 6.57972119e-01 6.72020852e-01 5.04022008e-01 2.51612657e-01
 4.28844377e-01 1.52996682e-01 6.69663561e-01 9.63997889e-01
 6.30292333e-01 8.48600649e-01 4.26531784e-01 1.00497005e-01
 4.15575219e-01 2.77203346e-01 8.69720058e-01 4.24652777e-01
 9.10906183e-01 7.51835372e-01 4.04179522e-01 7.21688732e-01
 1.55644758e-01 7.96074656e-01 1.42074604e-01 3.98546426e-01
 6.00895142e-01 9.55388466e-01 8.14461170e-01 3.17180806e-02
 6.39213961e-01 4.37676843e-01 2.00858740e-01 9.12933406e-01
 5.36862501e-01 2.67267920e-01 4.12396872e-01 8.48923591e-01
 9.49413838e-01 9.78518900e-01 3.94192715e-01 4.84416448e-02
 6.45269609e-01 2.29998276e-01 6.53457230e-01 7.33620921e-01
 2.42352495e-02 3.85892813e-01 2.02462952e-01 7.23992578e-01
 1.28209138e-01 9.41213139e-01 4.38679674e-01 1.53949207e-01
 5.63145736e-01 3.27781689e-01 6.93967694e-01 5.51758757e-02
 1.07705977e-01 3.82643231e-01 9.82266225e-01 2.38302008e-01
 7.58995808e-01 5.79888892e-01 6.13657927e-01 8.57374159e-01
 5.61697541e-01 5.83046209e-02 5.32390791e-01 4.35686477e-01
 3.25108748e-01 1.84192176e-02 2.64192090e-01 2.54574008e-01
 2.54794786e-01 1.04940317e-01 5.86931839e-01 9.81177105e-02
 3.35324424e-01 3.97063923e-01 9.66022887e-01 7.43166261e-02
 8.29437209e-01 7.58167349e-01 3.93182762e-01 3.86333809e-01
 9.80476647e-01 7.60045840e-01 6.08484755e-01 5.46542858e-01
 2.69269489e-01 3.26945780e-01 8.20018081e-01 1.03349843e-01
 1.84337413e-01 1.64386274e-01 2.13559349e-01 8.05956730e-01
 7.42700194e-01 3.91709879e-01 4.27576521e-01 1.07028214e-01
 2.11081624e-01 9.53521788e-01 9.97098496e-01 9.73739531e-02
 9.76826049e-01 7.26542028e-01 2.33271522e-01 9.92631686e-01
 2.24459080e-01 7.86807163e-01 5.52289492e-01 7.70816113e-01
 1.44677677e-02 5.69714053e-01 3.48341877e-01 8.67494348e-01
 6.90451699e-01 2.84973653e-01 6.65570444e-01 1.26435564e-01
 1.48771387e-01 2.27458201e-01 3.64605674e-01 8.16756575e-01
 2.03332865e-01 7.24659780e-01 2.21599673e-01 7.94512240e-01
 8.15135314e-01 4.05005444e-01 2.36207727e-02 9.41235513e-01
 5.30629411e-01 7.57025502e-01 8.03577494e-01 5.53562836e-01
 8.00711526e-01 7.28881180e-02 9.22999509e-01 6.69725150e-01
 3.77361952e-01 1.14650998e-02 9.41092486e-01 2.20836055e-02
 1.43842297e-01 2.83321439e-01 5.12019173e-01 8.93854906e-01
 3.95640419e-01 7.30404615e-01 3.43636037e-01 5.95944400e-01
 5.34710019e-01 8.24829882e-01 5.40977574e-01 9.05923237e-01
 9.22951627e-01 9.27466553e-01 2.10435675e-01 3.23942774e-01
 2.16864966e-01 3.16575766e-01 4.78407656e-01 2.39865576e-01
 5.64296770e-01 2.95105804e-01 6.92461361e-01 6.51306908e-01
 8.14669323e-01 9.56421402e-01 2.84347782e-01 7.91179280e-01
 8.76060426e-01 7.36176666e-01 7.57057269e-01 9.79245944e-01
 8.72665587e-01 3.87845441e-01 3.15977885e-01 8.26555378e-01
 4.82743986e-02 3.93397877e-01 8.95372977e-01 2.04236651e-01
 4.51114580e-02 1.60679959e-01 4.61251470e-01 2.52334547e-01
 9.61990367e-01 4.04076556e-01 1.18898425e-01 7.18041229e-01
 5.39528685e-01 5.23109321e-01 9.67908918e-01 7.61388801e-01
 8.73233439e-01 6.43695853e-01 2.48180912e-01 3.53997576e-01
 5.55808340e-01 8.90780566e-01 5.53200435e-01 6.17766577e-01
 3.99980075e-01 3.26474709e-01 2.96785488e-01 6.60196150e-01
 7.09385778e-01 2.44405985e-01 7.08591131e-01 4.94478916e-01
 7.83988765e-01 1.64684279e-01 4.44763909e-01 4.37943565e-01
 4.35111393e-01 3.64220501e-02 1.81702152e-01 1.95785426e-01
 9.15005796e-01 5.54378816e-01 6.67868863e-01 3.60590709e-01
 1.25950501e-01 9.03971560e-01 3.29444161e-02 2.37275744e-01
 4.18062706e-01 9.28776652e-01 3.99993429e-01 4.87995818e-01
 6.90351853e-01 1.20491182e-01 3.50745100e-01 9.96580851e-02
 9.40472033e-01 4.76814652e-01 8.28776565e-01 5.73752820e-01
 7.38115320e-01 1.54614844e-01 6.86513531e-01 8.44771558e-01
 2.16641906e-01 7.89117608e-01 1.56957347e-01 3.47106371e-01
 1.14388769e-02 3.05199765e-01 1.68662286e-01 8.89791046e-01
 6.40452904e-01 3.87331048e-01 6.39658369e-01 8.02848879e-01
 8.21140702e-01 1.86210530e-01 7.84884011e-01 7.64696226e-01
 6.47763965e-01 5.66806864e-01 1.08669738e-01 5.04525221e-01
 6.32858232e-01 1.88409079e-01 5.18187677e-01 1.28785310e-01
 3.14023520e-01 4.94612209e-01 3.90870527e-01 2.78512386e-01
 5.77479256e-01 3.45667663e-01 1.53652731e-01 5.55603321e-01
 1.65009050e-01 3.76440350e-01 5.50907087e-01 5.36344720e-01
 4.32280723e-01 5.71570261e-01 5.39736285e-01 4.34674419e-01
 9.86679826e-01 7.30557409e-01 9.47848945e-01 7.83181600e-01
 4.16287222e-02 4.49159877e-01 9.97976895e-01 2.02269801e-01
 5.93357402e-01 4.02584539e-01 7.11053327e-01 8.68628128e-01
 5.36389816e-01 9.94769068e-01 3.24582154e-01 7.73254070e-01
 2.02134309e-01 3.03821499e-01 5.84010709e-01 4.16819412e-01
 8.60271912e-02 3.66182374e-01 1.61588962e-01 5.24507612e-01
 9.29624007e-01 4.19115520e-01 2.04963229e-01 6.72528484e-01
 7.97417477e-01 1.09788854e-01 5.89319267e-01 9.62302173e-01
 5.58205279e-01 8.27706311e-01 9.32270127e-01 4.05003272e-01
 1.77604110e-01 4.27660987e-02 7.03241592e-01 8.22846835e-01
 6.87002771e-01 2.24392721e-01 7.74011527e-01 4.72075457e-01
 2.95634892e-01 1.38606820e-01 3.62422401e-01 5.41844534e-01
 4.58076782e-01 1.93020132e-01 5.29163894e-01 9.84242809e-01
 7.36293179e-01 8.19578444e-01 7.05189189e-01 4.08389994e-01
 5.25920426e-01 6.17084884e-01 7.92572418e-01 6.74920366e-01
 1.32965116e-02 7.96400977e-01 7.89300803e-01 1.84183370e-01
 5.67899098e-01 2.15745694e-01 4.43195557e-01 7.87082574e-01
 4.96902226e-01 2.18733002e-01 9.19396959e-01 1.54104431e-01
 6.39925896e-01 3.21658976e-01 5.86553547e-01 8.83338908e-01
 2.45345150e-01 6.85427572e-01 3.99376133e-01 5.09252426e-01
 7.96758095e-01 7.80546615e-01 1.83212590e-01 4.91541058e-01
 1.39717683e-01 6.89373753e-01 9.95020250e-01 9.99753033e-01
 6.00077695e-01 2.87306182e-02 6.92679260e-01 1.25235018e-01
 2.40009017e-01 2.16290498e-01 1.24284922e-01 9.17918929e-01
 6.29929581e-01 3.38079513e-02 8.17753031e-01 7.55488965e-01
 3.88925740e-02 2.50520531e-01 9.76663169e-02 7.98115288e-01
 9.24721860e-01 9.22181869e-01 9.92221107e-01 9.60357080e-01
 5.55098313e-02 4.02693609e-01 5.33926694e-02 2.32664163e-01
 8.39676690e-01 5.40106431e-01 5.69495641e-01 7.93311978e-01
 9.92029170e-01 6.51437777e-01 7.56774533e-01 6.85659469e-01
 7.43707868e-01 5.36670685e-02 9.60542754e-01 6.56980296e-01
 3.82147170e-01 4.50051615e-01 5.78185006e-01 8.13194101e-01
 6.50964483e-01 5.44791323e-01 6.26831030e-01 7.96442416e-01
 8.02672302e-01 3.25138536e-02 5.14924753e-01 1.47053582e-01
 8.90962475e-01 7.80326690e-01 4.94047046e-01 9.18918069e-01
 5.33900752e-01 8.88984175e-01 6.89068138e-01 9.67921774e-01
 3.37202993e-01 2.80798186e-01 6.59271581e-01 5.13233281e-01
 2.13523751e-01 2.28918266e-01 6.77796144e-01 5.31083143e-01
 6.36730096e-01 4.74577559e-02 2.55540497e-02 4.04994510e-01
 1.73998746e-01 7.45319477e-01 8.81146197e-01 7.04046821e-01
 4.77220391e-02 7.77277128e-02 6.03470255e-01 9.96151598e-01
 9.28049290e-01 6.00909738e-01 5.25125453e-01 8.81094279e-01
 2.19928280e-01 9.83925972e-01 3.33198451e-01 2.84767919e-01
 1.64032227e-01 7.84007641e-01 2.16551608e-01 4.08369520e-01
 4.26525460e-01 3.05270840e-01 6.26122027e-01 8.25516918e-01
 5.27150380e-01 6.93821166e-01 4.92923307e-02 7.72802373e-01
 1.19309158e-01 9.94632649e-01 9.64035029e-01 4.14103933e-02
 8.45085714e-01 4.01804529e-01 8.31557192e-01 6.85168968e-01
 9.72472506e-01 2.28508090e-01 9.24036710e-02 9.45716052e-01
 1.04624822e-01 9.57891387e-01 2.31050430e-01 8.42168468e-01
 1.98798541e-01 6.58674581e-01 3.43878127e-02 1.57822587e-01
 9.84298325e-01 4.52949610e-01 6.86354056e-01 4.48799643e-01
 7.98165202e-01 8.34564133e-01 2.56517518e-01 3.54570318e-01
 7.13757025e-01 9.86892602e-01 3.96103053e-01 2.41311328e-01
 5.08843125e-01 4.54479667e-01 5.75955751e-01 4.24904469e-01
 2.86184984e-01 8.43429708e-02 4.12119203e-01 4.79614611e-02
 9.20959695e-01 8.45506295e-01 5.41209887e-01 7.65950098e-02
 3.36046519e-01 7.60576656e-01 5.44220849e-01 4.38690723e-01
 9.28426980e-01 4.87575586e-01 4.32636261e-03 3.01347786e-01
 9.39499061e-01 3.39863183e-01 9.72493864e-01 4.97553997e-01
 9.82964057e-01 2.55462181e-01 9.49217174e-01 2.87294176e-01
 5.36702502e-01 7.16513161e-02 3.20643650e-01 3.66261873e-01
 4.28487782e-01 5.84922199e-01 4.11672441e-01 5.08352694e-01
 4.41125045e-01 7.83216943e-01 5.01451261e-01 6.39279780e-01
 4.43357364e-02 1.61093800e-01 8.19443429e-01 1.87858406e-02
 2.02788541e-01 3.17257671e-01 2.22674150e-03 1.13545180e-01
 5.21990857e-01 4.03897656e-01 4.48953990e-02 7.04351185e-02
 1.63293561e-01 9.60114355e-01 7.88070949e-01 8.13705822e-01
 7.72998133e-01 7.70274625e-01 7.30681806e-01 3.47155459e-01
 2.87861665e-01 8.44734792e-01 1.90753919e-01 6.23651181e-02
 1.33661150e-01 5.29999401e-01 5.32204370e-01 3.63026266e-01
 7.38105923e-01 9.85063237e-01 2.34839465e-01 7.22921351e-01
 4.88283909e-01 7.54775954e-01 5.85682795e-01 8.01762818e-01
 2.59105263e-01 1.32861839e-01 5.71996242e-01 8.73477945e-01
 9.46194680e-01 6.19277785e-01 1.21738531e-01 2.31946114e-01
 8.91917038e-01 2.44038724e-01 1.57661455e-01 1.80853968e-02
 9.73179146e-01 8.46041911e-01 9.14645506e-02 4.13993296e-01
 2.86960819e-01 4.59290618e-01 3.68810367e-01 9.09684766e-02
 8.57286961e-01 9.73809943e-01 3.48361533e-01 6.84312065e-01
 6.85927111e-01 4.26011300e-01 5.03214195e-01 8.60182507e-04
 3.68076562e-01 3.46095171e-01 7.76575785e-01 6.20940953e-01
 4.32397378e-01 8.09342060e-01 2.81645042e-01 9.23881043e-01
 6.15243027e-01 2.93601413e-01 6.34645395e-01 1.22558336e-01
 2.95868312e-02 3.93059667e-01 8.25665484e-01 3.79824205e-01
 8.86469871e-02 7.23728702e-01 8.90977321e-01 9.89233804e-01
 5.53970568e-01 1.07333009e-01 6.27084500e-01 5.88801147e-01
 5.25875230e-01 4.29477554e-02 8.15030639e-01 1.03900532e-01
 7.85520831e-01 5.36456494e-03 7.29722921e-01 3.16642027e-01
 2.07392288e-01 3.19396509e-01 9.04151518e-01 9.98380205e-02
 6.66892086e-01 8.59336186e-01 6.85413619e-01 2.72252329e-01
 1.09270293e-01 5.63493517e-01 8.00413304e-02 5.16441661e-01
 7.95523346e-01 1.11644711e-01 5.81040079e-02 2.46020041e-01
 2.58951638e-01 8.63828228e-01 2.00532912e-01 5.13882392e-02]