7 2 6 8 11 5
4 7 13 1 2 11
11 1 8 9 6 5
11 4 4 0 13 3
3 4 7 13 0 1
6 12 9 8 3 14
12 2 0 11 4 4
10 13 5 5 0 13
9 13 2 8 4 11
5 8 5 12 9 5
4 7 12 8 11 14
3 11 6 7 14 5
13 1 12 1 9 2
9 7 3 8 14 13
3 1 8 2 10 1
6 9 11 11 11 12
7 7 12 13 10 13
3 14 1 2 7 10
7 11 8 7 0 13
8 2 7 2 1 3
14 0 11 11 10 7
11 4 8 5 12 2
13 5 8 5 13 2
4 12 9 6 10 14
0 9 12 5 13 12
11 1 12 3 0 12
6 2 11 3 7 1
4 9 14 5 2 1
7 2 9 3 8 0
5 13 5 14 6 2
8 11 11 9 10 9
0 1 13 0 2 14
11 0 5 11 7 9
7 1 4 12 8 4
8 4 1 0 1 4
5 13 2 6 11 8
0 1 10 3 8 8
9 14 0 4 2 8
3 3 0 3 13 6
11 2 0 11 7 10
13 8 10 7 11 3
1 8 13 11 10 9
0 6 13 9 9 9
0 7 1 4 12 7
8 7 3 0 2 10
11 10 12 12 5 12
0 9 12 8 4 6
12 5 11 6 7 11
13 4 11 4 12 2
10 13 0 7 4 6
