18 4 16 20 26 13
10 17 31 3 5 27
27 4 20 23 14 13
25 11 11 0 31 8
8 9 16 30 1 2
14 29 21 20 7 32
30 6 2 26 10 10
24 30 13 12 0 31
21 32 5 18 10 27
12 18 11 30 23 11
10 18 29 20 27 33
7 25 15 18 33 12
31 2 28 4 22 5
21 17 9 19 32 31
7 2 19 6 25 4
15 22 26 27 27 28
17 16 28 32 23 31
7 33 3 5 18 23
16 26 20 17 2 32
18 5 17 6 3 7
32 0 26 26 25 17
25 10 19 13 28 5
31 13 20 12 30 6
10 28 21 15 23 33
0 21 29 13 31 28
25 3 29 8 0 28
14 5 27 7 17 4
11 21 32 12 6 3
17 5 22 8 20 1
13 31 13 33 16 6
19 26 26 23 23 21
2 4 32 1 5 32
26 0 13 27 16 21
17 4 9 28 20 9
20 11 4 0 4 10
12 30 5 14 27 20
2 3 24 7 20 20
23 32 1 11 5 20
7 8 0 8 31 15
27 6 0 26 17 24
31 19 25 17 25 9
3 20 31 26 24 22
2 15 31 22 22 21
0 18 2 10 28 16
20 17 7 0 6 24
26 23 29 29 13 28
0 22 29 20 9 14
28 12 27 15 16 26
32 10 27 10 29 5
23 31 1 17 10 16
