11 2 9 12 15 8
6 10 18 2 3 16
16 2 12 13 8 7
15 6 6 0 18 4
5 5 9 18 0 1
8 17 12 12 4 19
18 4 1 15 6 6
14 18 8 7 0 18
12 19 3 11 6 16
7 11 7 18 13 7
6 10 17 12 16 19
4 15 9 10 19 7
18 1 17 2 13 3
13 10 5 11 19 18
4 1 11 3 15 2
9 13 15 16 16 17
10 9 16 19 14 18
4 19 1 3 11 14
9 15 12 10 1 19
11 3 10 3 2 4
19 0 15 16 15 10
15 6 11 8 17 3
18 8 12 7 18 4
6 17 12 9 14 19
0 12 17 8 19 16
15 2 17 4 0 17
8 3 16 4 10 2
6 13 19 7 3 2
10 3 13 5 12 1
7 18 8 19 9 4
11 15 15 13 14 12
1 2 19 0 3 19
15 0 8 16 9 13
10 2 5 16 12 5
12 6 2 0 2 6
7 18 3 8 16 12
1 2 14 4 12 12
13 19 0 6 3 12
4 5 0 4 18 9
16 3 0 15 10 14
18 11 15 10 15 5
2 12 18 15 14 13
1 9 18 13 13 12
0 10 1 6 17 9
12 10 4 0 3 14
15 14 17 17 7 17
0 13 17 12 5 8
17 7 16 9 9 16
19 6 16 6 17 3
14 19 0 10 6 9
