6 1 5 6 8 4
3 5 10 1 1 9
9 1 6 7 4 4
8 3 3 0 10 2
2 3 5 10 0 0
4 9 7 6 2 10
10 2 0 8 3 3
8 10 4 4 0 10
7 10 1 6 3 9
4 6 3 10 7 3
3 6 9 6 9 11
2 8 5 6 11 4
10 0 9 1 7 1
7 5 3 6 10 10
2 0 6 2 8 1
5 7 8 9 9 9
5 5 9 10 7 10
2 11 1 1 6 7
5 8 6 5 0 10
6 1 5 2 1 2
10 0 8 8 8 5
8 3 6 4 9 1
10 4 6 4 10 2
3 9 7 5 7 11
0 7 9 4 10 9
8 1 9 2 0 9
4 1 9 2 5 1
3 7 10 4 2 1
5 1 7 2 6 0
4 10 4 11 5 2
6 8 8 7 7 7
0 1 10 0 1 10
8 0 4 9 5 7
5 1 3 9 6 3
6 3 1 0 1 3
4 10 1 4 9 6
0 1 8 2 6 6
7 10 0 3 1 6
2 2 0 2 10 5
9 2 0 8 5 8
10 6 8 5 8 3
1 6 10 8 8 7
0 5 10 7 7 7
0 6 0 3 9 5
6 5 2 0 2 8
8 7 9 9 4 9
0 7 9 6 3 4
9 4 9 5 5 8
10 3 9 3 9 1
7 10 0 5 3 5
