6 1 6 7 9 5
4 6 11 1 2 10
10 1 7 8 5 4
9 4 4 0 11 3
3 3 6 11 0 1
5 10 7 7 2 12
11 2 0 9 4 3
9 11 5 4 0 11
7 12 2 7 3 10
4 7 4 11 8 4
4 6 10 7 10 12
2 9 5 6 12 4
11 0 10 1 8 2
8 6 3 7 12 11
2 0 7 2 9 1
5 8 9 10 10 10
6 6 10 12 8 11
2 12 1 2 6 8
6 9 7 6 0 12
7 2 6 2 1 2
12 0 9 10 9 6
9 3 7 5 10 2
11 5 7 4 11 2
3 10 7 5 8 12
0 7 11 5 11 10
9 1 10 3 0 10
5 2 10 2 6 1
4 8 12 4 2 1
6 2 8 3 7 0
4 11 5 12 6 2
7 9 9 8 8 8
0 1 12 0 2 12
9 0 5 10 6 8
6 1 3 10 7 3
7 4 1 0 1 4
4 11 1 5 10 7
0 1 9 2 7 7
8 12 0 4 2 7
2 3 0 3 11 5
10 2 0 9 6 9
11 7 9 6 9 3
1 7 11 9 9 8
0 5 11 8 8 7
0 6 1 4 10 6
7 6 2 0 2 9
9 8 10 10 4 10
0 8 11 7 3 5
10 4 10 5 6 10
12 3 10 4 11 1
8 11 0 6 3 6
