13 3 12 15 19 10
8 13 23 2 4 20
20 3 15 17 11 9
19 8 8 0 23 6
6 7 12 23 0 2
11 21 15 15 5 24
22 5 1 19 8 7
18 22 10 9 0 23
15 24 4 14 7 20
9 14 8 22 17 8
8 13 21 15 20 24
5 19 11 13 24 9
23 1 21 3 16 4
16 13 6 14 24 23
5 1 14 4 18 3
11 17 19 20 20 21
12 12 21 24 17 23
5 24 2 4 13 17
12 19 15 12 1 24
14 4 12 4 2 5
24 0 19 20 18 13
19 7 14 10 21 4
23 10 15 9 23 5
7 21 15 11 17 24
0 15 22 10 23 21
19 2 21 6 0 21
10 4 20 5 13 3
8 16 24 9 4 2
13 4 17 6 15 1
9 23 10 24 12 5
14 19 19 17 17 16
1 3 24 1 4 24
19 0 10 20 12 16
12 3 7 21 15 7
15 8 3 0 3 8
9 23 3 11 20 15
1 2 18 5 15 15
17 24 0 8 4 15
5 6 0 6 23 11
20 4 0 19 12 18
23 14 18 13 19 6
2 15 23 19 18 16
1 11 23 16 17 15
0 13 2 8 21 12
15 13 5 0 4 18
19 17 21 21 9 21
0 16 22 15 7 10
21 9 20 11 12 20
24 7 20 8 22 3
17 23 0 13 7 12
