9 2 8 10 13 6
5 8 15 1 2 13
13 2 10 11 7 6
12 5 5 0 15 4
4 4 8 15 0 1
7 14 10 10 3 16
15 3 1 13 5 5
12 15 6 6 0 15
10 16 2 9 5 13
6 9 5 15 11 5
5 9 14 10 13 16
3 12 7 9 16 6
15 1 14 2 11 2
10 8 4 9 16 15
3 1 9 3 12 2
7 11 13 13 13 14
8 8 14 16 11 15
3 16 1 2 9 11
8 13 10 8 1 16
9 2 8 3 1 3
16 0 13 13 12 8
12 5 9 6 14 2
15 6 10 6 15 3
5 14 10 7 11 16
0 10 14 6 15 14
12 1 14 4 0 14
7 2 13 3 8 2
5 10 16 6 3 1
8 2 11 4 10 0
6 15 6 16 8 3
9 13 13 11 11 10
1 2 16 0 2 16
13 0 6 13 8 10
8 2 4 14 10 4
10 5 2 0 2 5
6 15 2 7 13 10
1 1 12 3 10 10
11 16 0 5 2 10
3 4 0 4 15 7
13 3 0 13 8 12
15 9 12 8 12 4
1 10 15 13 12 11
1 7 15 11 11 10
0 9 1 5 14 8
10 8 3 0 3 12
13 11 14 14 6 14
0 11 14 10 4 7
14 6 13 7 8 13
16 5 13 5 14 2
11 15 0 8 5 8
